1 1 1 1 1 1 1 
1.11339 0.901388 1.00572 1.09092 0.86943 0.998287 1.00411 
1.02607 0.930116 0.910673 1.07853 0.898899 1.06726 1.01901 
1.07162 0.917843 0.906885 1.1529 0.937679 1.00263 0.931673 
1.0356 0.967931 0.770874 1.17762 0.984419 0.811298 0.928527 
1.11964 0.945703 0.735728 1.18431 1.08295 0.910042 1.00109 
1.06074 0.884091 0.800201 1.04479 1.07864 1.01027 0.94976 
0.888484 0.826267 0.742244 1.1128 1.12289 0.982953 0.894996 
0.944293 0.77365 0.766295 1.14446 1.03014 1.02012 0.93847 
1.0286 0.743682 0.731618 1.05339 1.13014 1.23653 0.817822 
1.1219 0.773505 0.816088 1.07261 1.1111 1.53318 0.902952 
1.1629 0.803906 0.825362 1.10487 1.09976 1.33431 0.828706 
1.195 0.80652 0.886296 1.14874 1.27863 1.284 0.862321 
1.19295 0.759562 0.798748 1.20558 1.19964 1.21807 0.96488 
1.09286 0.7472 0.853549 1.08169 1.13722 1.34645 0.965576 
1.01447 0.704394 0.725587 1.02413 1.12479 1.12482 1.14144 
0.983154 0.785372 0.668363 0.924939 1.04903 0.995956 1.11219 
1.0872 0.729776 0.650464 0.881409 1.25021 0.987656 1.12995 
0.94091 0.753931 0.677574 0.877015 1.29324 1.06359 0.879352 
0.95176 0.751838 0.681435 0.824769 1.41931 0.955668 0.865334 
0.931455 0.720012 0.722435 0.871325 1.4629 1.01955 0.846407 
0.895463 0.706398 0.794411 0.806353 1.31495 1.09494 0.842695 
1.009 0.750965 0.804096 0.806723 1.39624 1.21553 0.836956 
0.908046 0.685669 0.784588 0.847735 1.19244 1.14494 0.808867 
0.963682 0.703308 0.836688 0.87075 1.11407 1.17393 0.804017 
0.997343 0.805334 0.929489 0.983555 1.17903 1.211 0.834567 
1.02666 0.905358 0.991657 1.03689 1.09161 1.11016 0.84541 
1.05378 0.865761 0.881325 1.01702 0.960868 1.12781 0.91638 
1.00355 0.870964 0.887745 1.0026 1.05866 1.06582 0.957173 
1.01262 0.906725 0.818752 0.987287 1.16267 1.10483 1.09905 
1.03087 0.90445 0.859062 1.10312 1.17205 1.03097 1.13723 
1.08954 0.961359 0.869695 1.08724 1.10934 1.1708 1.12016 
1.03281 1.04837 0.912129 1.07618 1.05816 1.10408 1.12498 
0.972313 0.990198 0.957911 1.05137 1.03627 1.05264 1.04262 
1.13889 1.13053 1.10232 1.07358 0.978398 1.03898 1.023 
1.15158 0.999282 1.20132 0.869571 0.962413 0.938689 0.933529 
1.15201 0.897104 1.20159 0.861415 0.968802 1.03519 0.990079 
1.19571 0.89425 1.21218 0.962605 1.06149 1.10426 0.834935 
1.03385 0.992229 1.18321 1.06912 1.14256 1.04564 0.851519 
0.956639 0.991875 1.13392 1.20606 1.05792 0.986882 0.874636 
1.06065 0.891611 1.12686 1.10347 1.12485 0.938983 0.961053 
0.908706 0.847556 1.02791 1.06354 1.07027 0.987662 0.892958 
0.94755 0.993271 1.07133 1.11063 1.05344 0.91136 0.945718 
1.0059 0.900296 0.986168 1.26143 1.07606 0.881001 0.899468 
1.07584 0.865827 1.07113 1.09035 1.09513 0.932902 1.04727 
1.07517 0.871927 1.07285 1.09148 1.07944 0.915286 1.11904 
0.94689 0.901808 1.01509 0.920649 0.842234 0.896953 1.02865 
0.938609 0.901013 0.913615 0.844159 0.779797 0.917375 1.07323 
1.03754 0.856437 0.892802 0.816235 0.896266 0.952864 1.08977 
1.07335 0.83857 1.00472 0.959136 0.858969 0.878334 1.06856 
1.12703 0.947604 1.05558 0.918002 0.85172 0.890338 1.23468 
1.13656 0.958751 1.04797 0.966147 0.887377 0.872753 1.19694 
1.06413 0.915478 0.93933 0.921812 0.863293 0.925076 1.06649 
1.13265 1.09395 0.965865 0.948941 0.903508 0.965653 1.09438 
1.15525 1.13098 0.968001 0.87811 0.991158 1.0108 1.26084 
1.05978 1.05199 0.941201 0.797966 1.105 0.963931 1.28291 
0.930537 0.998399 1.02606 0.83233 0.932425 0.985745 1.11564 
0.934634 0.930051 0.979013 0.875843 0.92233 1.02284 0.922482 
0.956208 0.896152 0.897812 0.821322 1.06261 0.857217 1.04252 
0.91646 0.946932 0.748791 0.770708 0.949403 0.850196 1.02671 
0.858655 0.848205 0.733338 0.696578 1.0017 0.892544 1.09365 
0.886078 0.861508 0.812653 0.707167 0.985597 0.883501 1.07707 
0.851854 0.764731 0.842138 0.743844 1.00429 0.913109 0.877112 
0.775912 0.742338 0.703205 0.785218 0.979973 0.950507 0.754122 
0.788766 0.719101 0.683612 0.68675 1.07537 1.1106 0.74529 
0.8212 0.739456 0.739519 0.569786 0.965759 1.03641 0.759882 
0.784507 0.699546 0.680296 0.574545 0.840107 1.03393 0.632344 
0.715988 0.742447 0.674854 0.589752 0.66558 0.922126 0.699663 
0.670238 0.623952 0.634532 0.553018 0.649538 0.82939 0.847361 
0.781277 0.618542 0.718609 0.598815 0.706281 0.912845 0.871546 
0.780092 0.63147 0.64538 0.574431 0.745458 0.796778 0.898057 
0.839246 0.726759 0.675027 0.553771 0.800978 0.864356 1.01976 
0.811055 0.739186 0.742213 0.621974 0.890466 0.819923 0.9026 
0.74755 0.7762 0.65834 0.636787 0.846101 0.859823 0.901951 
0.796513 0.811051 0.71868 0.669644 0.687921 0.863779 0.888569 
0.86142 0.827918 0.75168 0.738232 0.668708 0.819495 0.926654 
0.899781 0.872253 0.854834 0.776791 0.718521 0.898746 0.960024 
0.861448 0.914646 0.971095 0.913069 0.735958 0.902003 0.839023 
0.746616 0.944644 0.859823 0.954037 0.802384 0.850281 0.849553 
0.814824 0.891431 0.886056 0.914414 0.829296 0.846378 0.81742 
0.926742 0.807662 0.915715 0.804717 0.844789 0.862943 0.894567 
0.929513 0.728914 0.780049 0.821332 0.91147 0.939107 0.794121 
0.971113 0.752437 0.773894 0.893066 0.879764 0.919415 0.884139 
1.00155 0.763075 0.825618 0.926218 0.747323 0.819863 0.936916 
0.963498 0.789925 0.916665 0.897731 0.770642 0.802907 1.03757 
0.917482 0.771843 0.787474 0.801424 0.827883 0.865226 1.07742 
0.935531 0.724821 0.794686 0.817613 0.805054 0.871255 0.97575 
0.964025 0.721218 0.770675 0.810017 0.812895 0.86983 1.11344 
1.00452 0.740264 0.861754 0.8489 0.729225 0.877444 1.22249 
0.958232 0.705376 0.823471 0.789283 0.658668 0.994937 1.41369 
1.02121 0.667983 0.738384 0.909856 0.786342 1.03858 1.24104 
0.921052 0.697888 0.871715 0.999517 0.768677 0.99477 1.13379 
0.946626 0.814896 0.831427 0.856955 0.825085 1.02013 1.06093 
0.877849 0.921138 0.723158 0.892689 0.767664 0.916465 0.923993 
0.878438 0.913301 0.867249 0.795806 0.787815 0.997988 1.08764 
0.823267 0.87875 0.86544 0.772031 0.773136 1.05602 1.04109 
0.886939 0.767735 0.855683 0.975364 0.733222 0.913427 0.991367 
0.84787 0.84953 0.830665 0.977269 0.770063 0.897507 0.839749 
0.910045 0.9371 0.95418 0.965229 0.915815 0.830364 0.906864 
0.930478 1.04375 1.0615 0.926366 1.02769 1.01351 0.853427 
1.04378 1.08169 0.962638 0.933447 1.03477 0.991193 0.873474 
0.84912 1.00897 1.12775 0.858838 0.957395 0.921254 0.79932 
0.950853 0.955223 1.05865 0.909326 0.922354 0.974171 0.850104 
1.01264 0.963777 0.901852 1.03807 0.962717 0.933074 0.839517 
0.994378 0.985912 0.864153 1.00236 0.929992 1.08971 0.828996 
0.997154 0.930205 0.700008 0.953818 0.890982 0.957425 0.792464 
0.94214 0.886232 0.729929 0.862744 0.89207 0.863014 0.763472 
0.99196 0.882082 0.75681 0.752311 1.00988 0.847917 0.908511 
0.940271 0.826787 0.694795 0.771541 0.813044 0.779703 0.910309 
0.756354 0.765958 0.634428 0.799114 0.84275 0.733107 0.863114 
0.741596 0.728707 0.569716 0.724784 0.936524 0.806697 0.949725 
0.808539 0.730949 0.643403 0.746043 1.00632 0.826002 0.895309 
0.808001 0.590899 0.640064 0.782287 0.90587 0.85281 0.874976 
0.798215 0.580076 0.671628 0.79886 0.814812 0.853905 0.93411 
0.812179 0.620058 0.702282 0.811963 0.844037 0.819555 0.830511 
0.764298 0.786608 0.786674 0.81889 0.856556 0.852616 0.767757 
0.78294 0.864373 0.719581 0.797567 0.898669 0.754716 0.749027 
0.829845 0.891859 0.732452 0.870231 1.03515 0.745234 0.8153 
0.769914 0.881566 0.755419 0.808442 1.03254 0.823364 0.923314 
0.737897 0.906943 0.798781 0.806451 0.97799 0.879323 0.807942 
0.728694 0.943938 0.73183 0.834079 0.873254 0.898126 0.844796 
0.794623 0.892861 0.665713 0.839537 0.858613 0.860214 0.670431 
0.847661 0.916632 0.736432 0.824317 0.848111 0.857714 0.710411 
0.81269 0.91359 0.717958 0.840236 0.872932 0.804196 0.784386 
0.809064 0.934594 0.780025 0.843265 0.878172 0.863401 0.830461 
0.814228 0.82418 0.760775 0.83869 0.833494 0.781938 0.849388 
0.829701 0.708345 0.708111 0.839763 0.690698 0.732914 0.938435 
0.828894 0.74867 0.684115 0.771992 0.661456 0.738383 0.977433 
0.670291 0.691228 0.671919 0.703168 0.700051 0.75266 0.878051 
0.681624 0.694611 0.598762 0.629362 0.737025 0.709541 0.809968 
0.602248 0.772942 0.636675 0.623695 0.63309 0.619083 0.752556 
0.540434 0.744883 0.625579 0.630995 0.64505 0.59541 0.720604 
0.543179 0.598965 0.630617 0.615319 0.545765 0.533097 0.681377 
0.530415 0.523919 0.604082 0.594679 0.569364 0.550139 0.554597 
0.52537 0.510639 0.617237 0.666874 0.582473 0.627889 0.465935 
0.513419 0.584181 0.708817 0.680617 0.537329 0.617833 0.485053 
0.558774 0.556409 0.701818 0.708371 0.551589 0.585297 0.566827 
0.561924 0.643105 0.644332 0.651023 0.546888 0.553832 0.572304 
0.576829 0.6528 0.630942 0.637358 0.543208 0.598109 0.675762 
0.611775 0.61776 0.591348 0.547992 0.567723 0.581267 0.723516 
0.60391 0.614237 0.641346 0.502244 0.533188 0.577555 0.685993 
0.606893 0.691027 0.63175 0.527511 0.602032 0.548533 0.632252 
0.546005 0.655192 0.587129 0.549001 0.568901 0.607645 0.681183 
0.585705 0.654865 0.601028 0.521885 0.593135 0.652555 0.544345 
0.561277 0.616106 0.609065 0.57702 0.650273 0.7272 0.500802 
0.557348 0.62576 0.646863 0.552339 0.642794 0.693108 0.449477 
0.517525 0.561269 0.620049 0.503942 0.626554 0.687184 0.417221 
0.48984 0.622877 0.606211 0.454306 0.578511 0.60356 0.423926 
0.543388 0.548038 0.509692 0.430175 0.630554 0.670332 0.435338 
0.564126 0.602033 0.438107 0.451344 0.68998 0.612031 0.440443 
0.481238 0.613254 0.486021 0.473712 0.629596 0.606915 0.45897 
0.50672 0.631767 0.49682 0.455799 0.708319 0.595206 0.414466 
0.54115 0.659873 0.484723 0.443025 0.705704 0.63808 0.521389 
0.579724 0.611335 0.499729 0.452408 0.603888 0.562873 0.560402 
0.542367 0.587551 0.542524 0.514461 0.590021 0.538571 0.526624 
0.501766 0.424279 0.464938 0.519617 0.588824 0.556864 0.524661 
0.544297 0.459368 0.511573 0.563412 0.645597 0.538383 0.530336 
0.523881 0.489127 0.451826 0.545654 0.694016 0.53506 0.536516 
0.492628 0.456083 0.469318 0.531435 0.688286 0.578151 0.449741 
0.485952 0.482808 0.460868 0.432696 0.590677 0.526328 0.466673 
0.560286 0.494604 0.504926 0.475479 0.551499 0.447295 0.457952 
0.522715 0.48776 0.430513 0.530383 0.499357 0.459332 0.449405 
0.582008 0.480926 0.463245 0.53167 0.475804 0.456136 0.496592 
0.51547 0.442427 0.510203 0.528755 0.435485 0.486875 0.513496 
0.477373 0.483324 0.472579 0.564284 0.40253 0.512006 0.501423 
0.475031 0.454392 0.448968 0.523703 0.441432 0.439789 0.491923 
0.51729 0.476566 0.394261 0.521763 0.418496 0.374068 0.573499 
0.485372 0.431893 0.454218 0.487181 0.408568 0.37153 0.544597 
0.434971 0.415367 0.471208 0.432766 0.436893 0.402824 0.518625 
0.383426 0.441414 0.489134 0.426982 0.403564 0.392208 0.502109 
0.38692 0.384955 0.497868 0.456053 0.398474 0.39239 0.436604 
0.383327 0.366204 0.435398 0.46691 0.489889 0.437507 0.390711 
0.381954 0.35258 0.454044 0.495222 0.491689 0.392439 0.359064 
0.393944 0.355361 0.39862 0.476504 0.472467 0.404731 0.372476 
0.433598 0.387243 0.409265 0.502811 0.470319 0.412236 0.425942 
0.412774 0.416529 0.420637 0.502 0.455688 0.321498 0.463011 
0.394292 0.373105 0.339402 0.462184 0.424669 0.311819 0.453302 
0.331817 0.369647 0.346605 0.477457 0.350419 0.298003 0.458144 
0.304063 0.329385 0.389438 0.39193 0.307515 0.272795 0.483492 
0.313643 0.283999 0.393532 0.372237 0.302542 0.239175 0.473478 
0.341511 0.293204 0.345246 0.380726 0.316968 0.250013 0.479784 
0.331655 0.289652 0.315454 0.329358 0.274932 0.295984 0.448833 
0.34197 0.314934 0.294756 0.327257 0.278009 0.284743 0.390222 
0.288144 0.257701 0.286513 0.336452 0.274159 0.254174 0.339086 
0.332304 0.286382 0.26433 0.325042 0.276688 0.266352 0.310256 
0.300908 0.293303 0.244767 0.285038 0.291114 0.254148 0.289217 
0.297598 0.284071 0.265676 0.294221 0.281302 0.240046 0.267829 
0.28094 0.318888 0.275946 0.2647 0.255504 0.216426 0.253601 
0.296337 0.276189 0.26361 0.304189 0.255028 0.225166 0.258534 
0.27809 0.257859 0.28899 0.277553 0.285996 0.269766 0.235563 
0.246037 0.26386 0.246423 0.262196 0.311529 0.302306 0.197667 
0.222029 0.255248 0.244778 0.243486 0.27673 0.285561 0.167245 
0.217564 0.210159 0.267392 0.229727 0.259559 0.280306 0.181781 
0.200282 0.220023 0.241177 0.250142 0.245194 0.266807 0.177382 
0.201525 0.234537 0.221458 0.272912 0.245808 0.286707 0.197156 
0.208804 0.215631 0.234458 0.260391 0.220769 0.285489 0.200136 
0.203793 0.189201 0.218156 0.255855 0.212174 0.221329 0.217597 
0.155069 0.179041 0.222146 0.246021 0.209675 0.193855 0.183829 
0.163532 0.211061 0.18622 0.204672 0.215638 0.208936 0.177475 
0.162879 0.247297 0.173547 0.176689 0.177971 0.211074 0.185373 
0.172235 0.254393 0.155474 0.142017 0.208853 0.223648 0.185372 
0.196092 0.244674 0.167421 0.184567 0.189198 0.223122 0.195276 
0.212547 0.249491 0.173939 0.186652 0.207948 0.208818 0.193962 
0.203944 0.248983 0.161108 0.204428 0.219639 0.208488 0.189082 
0.205544 0.207712 0.172444 0.215159 0.226136 0.223349 0.199471 
0.192733 0.20769 0.171818 0.185277 0.212053 0.239134 0.20478 
0.197615 0.184575 0.185334 0.176502 0.198588 0.223874 0.222171 
0.216923 0.192808 0.212012 0.196 0.214197 0.227722 0.232717 
0.216691 0.243098 0.225804 0.184997 0.238276 0.241226 0.190579 
0.223895 0.249149 0.241626 0.1894 0.225582 0.241532 0.212593 
0.217601 0.24282 0.220212 0.199626 0.19116 0.227933 0.182963 
0.177279 0.252672 0.23529 0.189037 0.208163 0.22968 0.182521 
0.195564 0.285092 0.265691 0.2074 0.219555 0.206015 0.18385 
0.184329 0.282119 0.277271 0.215606 0.195494 0.21294 0.201287 
0.166863 0.266905 0.28775 0.224448 0.19093 0.214403 0.181673 
0.17923 0.260894 0.304662 0.235088 0.169213 0.187367 0.199508 
0.21191 0.24868 0.318417 0.241473 0.17734 0.216659 0.184371 
0.199714 0.246162 0.331342 0.260923 0.187478 0.215737 0.177215 
0.245382 0.2596 0.330739 0.310708 0.223618 0.229101 0.181762 
0.21901 0.220911 0.29331 0.286757 0.248303 0.208638 0.195892 
0.239935 0.23996 0.317503 0.319676 0.218296 0.201883 0.202483 
0.2496 0.27062 0.361567 0.330765 0.219122 0.19384 0.2324 
0.236916 0.275264 0.347147 0.276485 0.255716 0.174046 0.240515 
0.284842 0.280697 0.314151 0.282821 0.248478 0.189831 0.229413 
0.281853 0.276559 0.333348 0.286156 0.25405 0.217194 0.269341 
0.317168 0.316156 0.352324 0.30235 0.261253 0.200292 0.282113 
0.327095 0.336144 0.33187 0.282299 0.26969 0.209809 0.315173 
0.263108 0.345372 0.3025 0.262422 0.301287 0.236365 0.291947 
0.273025 0.350501 0.305102 0.290535 0.329198 0.242135 0.251523 
0.295123 0.337716 0.282343 0.299664 0.358754 0.285303 0.258877 
0.27924 0.327069 0.283493 0.322021 0.320542 0.312217 0.2598 
0.319141 0.320485 0.308569 0.276189 0.309616 0.311934 0.266368 
0.312395 0.311923 0.278334 0.309681 0.291973 0.301958 0.270063 
0.351846 0.322171 0.309288 0.284769 0.30438 0.245058 0.322464 
0.356695 0.312529 0.272625 0.289654 0.285023 0.245763 0.401265 
0.376542 0.31407 0.288651 0.269946 0.280908 0.254397 0.407627 
0.296311 0.317762 0.284558 0.263752 0.252945 0.270046 0.406684 
0.299349 0.31493 0.298672 0.270845 0.274842 0.294914 0.364924 
0.254581 0.297745 0.285228 0.266528 0.248659 0.296456 0.34213 
0.285106 0.289249 0.246677 0.276029 0.258016 0.292066 0.301477 
0.266171 0.273397 0.269413 0.252105 0.261114 0.277456 0.287488 
0.320973 0.248236 0.22687 0.277212 0.286954 0.283335 0.289183 
0.369661 0.222778 0.25909 0.306096 0.323579 0.307673 0.318845 
0.313344 0.235398 0.245976 0.288098 0.312682 0.306775 0.316011 
0.297065 0.250851 0.26969 0.28262 0.321495 0.340754 0.278845 
0.233575 0.248896 0.23136 0.264834 0.320821 0.301132 0.265841 
0.247626 0.257233 0.274132 0.277421 0.323923 0.299692 0.260923 
0.254194 0.244969 0.264821 0.293146 0.324775 0.302386 0.243184 
0.26407 0.212122 0.279697 0.281426 0.305521 0.315375 0.241196 
0.254151 0.220836 0.232472 0.257683 0.290726 0.328342 0.26374 
0.244824 0.21975 0.270716 0.24245 0.303737 0.325181 0.284065 
0.239985 0.229275 0.267429 0.250704 0.300676 0.372509 0.286683 
0.27939 0.244013 0.257204 0.260476 0.321631 0.318519 0.275959 
0.300308 0.250603 0.266288 0.227914 0.315873 0.322872 0.304544 
0.313314 0.25245 0.231967 0.234632 0.284394 0.282468 0.331405 
0.325149 0.247483 0.238113 0.25523 0.31214 0.26429 0.340936 
0.330295 0.238213 0.217244 0.261565 0.304837 0.307075 0.332784 
0.337578 0.248115 0.24306 0.264095 0.33421 0.334844 0.33387 
0.294594 0.250825 0.242577 0.252752 0.283856 0.30319 0.358419 
0.273303 0.256296 0.241438 0.25807 0.274801 0.286744 0.367993 
0.290024 0.234475 0.247142 0.278701 0.312681 0.299073 0.344761 
0.317732 0.224143 0.201688 0.243094 0.290147 0.32496 0.319348 
0.262374 0.247481 0.205629 0.235013 0.288052 0.362058 0.347815 
0.266076 0.267848 0.232745 0.233138 0.310359 0.34358 0.354619 
0.272086 0.301819 0.259951 0.244872 0.298298 0.313609 0.316991 
0.236908 0.262089 0.257022 0.262095 0.276779 0.269147 0.271076 
0.2339 0.267802 0.243185 0.281958 0.248374 0.266472 0.240032 
0.248736 0.25652 0.259665 0.285152 0.23072 0.24468 0.254153 
0.25978 0.268744 0.287389 0.309183 0.240692 0.239981 0.277664 
0.257411 0.315969 0.252371 0.281224 0.268844 0.215609 0.295629 
0.239528 0.332531 0.253807 0.247073 0.227251 0.217437 0.30244 
0.24017 0.353262 0.241015 0.241206 0.191299 0.222363 0.248283 
0.274893 0.353376 0.27419 0.239173 0.180212 0.235994 0.249731 
0.264252 0.36268 0.268839 0.256797 0.222643 0.243125 0.234395 
0.245842 0.354457 0.317936 0.300616 0.240561 0.236962 0.248703 
0.231211 0.31661 0.297285 0.272808 0.196438 0.182832 0.227081 
0.216406 0.28563 0.228988 0.254168 0.190998 0.207232 0.198769 
0.216279 0.263619 0.262065 0.263101 0.215294 0.213475 0.19843 
0.177478 0.253675 0.264183 0.273396 0.20739 0.235702 0.206165 
0.175595 0.276356 0.295096 0.253348 0.192124 0.211527 0.218094 
0.17391 0.249506 0.31014 0.282158 0.189127 0.207034 0.186833 
0.180042 0.243943 0.295264 0.285717 0.206337 0.206225 0.201286 
0.177023 0.247179 0.275244 0.263024 0.216109 0.196231 0.157956 
0.199987 0.265177 0.254934 0.288594 0.210226 0.19504 0.146653 
0.209877 0.267288 0.224192 0.246072 0.227435 0.1927 0.180978 
0.194263 0.262925 0.223038 0.225712 0.23957 0.168863 0.174892 
0.157453 0.228717 0.235821 0.224314 0.216524 0.189288 0.177937 
0.182881 0.213346 0.254946 0.229777 0.202082 0.182324 0.192842 
0.202398 0.232872 0.282669 0.249854 0.193998 0.187773 0.199966 
0.195142 0.232097 0.232436 0.224361 0.228256 0.21768 0.185156 
0.170777 0.221659 0.218821 0.247467 0.233771 0.212088 0.193887 
0.195774 0.231545 0.245093 0.266743 0.202781 0.225139 0.194417 
0.210639 0.207693 0.240465 0.251099 0.198885 0.206695 0.201188 
0.21717 0.212416 0.243533 0.257831 0.212359 0.212116 0.224842 
0.212827 0.214565 0.185651 0.282877 0.200458 0.202835 0.205746 
0.192354 0.207537 0.194104 0.305963 0.211325 0.200983 0.219077 
0.18926 0.21783 0.204557 0.258463 0.22868 0.200565 0.205384 
0.201092 0.21383 0.1775 0.231822 0.226707 0.20595 0.191838 
0.218546 0.223344 0.178871 0.25107 0.223577 0.209703 0.19888 
0.222645 0.208698 0.189326 0.26271 0.217655 0.186753 0.217651 
0.239296 0.201834 0.192298 0.227404 0.225538 0.197378 0.223042 
0.241736 0.20574 0.176164 0.237885 0.208576 0.201389 0.228555 
0.236668 0.212315 0.186585 0.220044 0.235508 0.195138 0.221978 
0.230172 0.225175 0.21806 0.217226 0.201735 0.208335 0.220069 
0.227313 0.21684 0.209973 0.224011 0.199977 0.191625 0.194633 
0.22354 0.2133 0.200361 0.215441 0.215315 0.190085 0.211589 
0.2029 0.202232 0.211392 0.207054 0.222158 0.167541 0.223802 
0.187459 0.195281 0.172586 0.169932 0.200563 0.159616 0.218722 
0.175099 0.195802 0.159555 0.209894 0.185698 0.164342 0.201366 
0.183854 0.189838 0.168207 0.184294 0.165091 0.19524 0.214966 
0.176982 0.166946 0.163672 0.184838 0.164245 0.166417 0.17086 
0.174915 0.175834 0.141749 0.166251 0.173142 0.160273 0.175125 
0.180981 0.16895 0.142073 0.167263 0.143035 0.16362 0.213483 
0.158956 0.173609 0.131894 0.17186 0.133483 0.157324 0.166643 
0.176647 0.192694 0.145159 0.165878 0.139572 0.180764 0.16148 
0.18325 0.166553 0.146702 0.179893 0.143496 0.195156 0.180468 
0.174636 0.158716 0.139675 0.197067 0.16603 0.24676 0.185178 
0.170926 0.147572 0.127366 0.196307 0.168834 0.215509 0.200568 
0.188661 0.147941 0.134179 0.191502 0.190512 0.228515 0.205471 
0.183601 0.165058 0.147913 0.191001 0.215393 0.225634 0.179838 
0.187641 0.162132 0.1642 0.152311 0.208451 0.18803 0.193192 
0.219139 0.177055 0.16219 0.168955 0.213872 0.160434 0.199674 
0.213718 0.169383 0.165923 0.159957 0.198582 0.142801 0.195659 
0.202073 0.160342 0.166738 0.144751 0.210109 0.144415 0.220332 
0.195142 0.158729 0.173208 0.163169 0.198887 0.149099 0.225344 
0.183471 0.17036 0.197844 0.16388 0.166539 0.157534 0.210523 
0.173478 0.173485 0.185914 0.174297 0.178446 0.167695 0.187901 
0.1614 0.180389 0.186543 0.167891 0.172089 0.165094 0.191969 
0.171445 0.170916 0.158295 0.167521 0.154017 0.163535 0.173252 
0.176158 0.168679 0.159977 0.148751 0.146136 0.168225 0.189921 
0.136542 0.161774 0.153263 0.137922 0.161611 0.180831 0.192718 
0.142126 0.149255 0.148251 0.128336 0.161894 0.197371 0.16027 
0.150544 0.128217 0.133479 0.129375 0.153894 0.171257 0.184864 
0.14678 0.143546 0.145706 0.146228 0.147753 0.170792 0.162934 
0.140151 0.139887 0.170517 0.134705 0.160633 0.17641 0.141374 
0.145067 0.153115 0.1847 0.141943 0.153103 0.153853 0.14679 
0.163371 0.157901 0.155193 0.145807 0.180363 0.158381 0.139432 
0.132934 0.170907 0.140187 0.166663 0.156825 0.164746 0.143038 
0.130666 0.175041 0.136167 0.150412 0.163236 0.164979 0.131105 
0.123486 0.167922 0.119518 0.136909 0.172025 0.180497 0.103852 
0.127815 0.152912 0.137625 0.146434 0.157846 0.180047 0.109024 
0.126744 0.15392 0.147856 0.149555 0.157083 0.172031 0.12914 
0.133022 0.161855 0.163188 0.143907 0.170659 0.163616 0.130513 
0.134187 0.17719 0.160579 0.124234 0.161279 0.155906 0.134766 
0.127887 0.162933 0.157608 0.146806 0.147105 0.144187 0.146903 
0.135794 0.134145 0.152151 0.159118 0.146935 0.153562 0.145626 
0.164577 0.136288 0.156211 0.157214 0.156508 0.150678 0.162734 
0.158257 0.164498 0.137925 0.151391 0.160899 0.146583 0.164829 
0.176004 0.168897 0.137408 0.128166 0.158288 0.168326 0.14892 
0.214161 0.198449 0.140647 0.139253 0.171757 0.161021 0.173745 
0.217074 0.203063 0.155588 0.143291 0.165452 0.162659 0.183942 
0.214642 0.19963 0.161133 0.123059 0.168943 0.168411 0.199195 
0.231566 0.209087 0.149887 0.128582 0.185757 0.168678 0.197904 
0.215526 0.231707 0.178873 0.165087 0.207416 0.186162 0.198998 
0.221326 0.201362 0.176955 0.168012 0.210495 0.183269 0.185654 
0.213341 0.190991 0.198013 0.179269 0.19487 0.171103 0.18847 
0.227199 0.20326 0.219234 0.19412 0.214352 0.158652 0.218752 
0.242657 0.234273 0.264727 0.210159 0.218981 0.174541 0.233521 
0.201255 0.245474 0.25445 0.202183 0.197385 0.168855 0.249543 
0.196752 0.237284 0.22559 0.181437 0.191429 0.203989 0.253383 
0.202287 0.242766 0.194852 0.199497 0.178555 0.196537 0.239167 
0.196565 0.246526 0.186732 0.183975 0.179021 0.19162 0.222864 
0.213039 0.249932 0.188847 0.178946 0.190402 0.185273 0.254722 
0.218456 0.247594 0.215001 0.195003 0.203706 0.19073 0.246543 
0.20952 0.204489 0.235559 0.21158 0.207822 0.189979 0.248006 
0.232691 0.237842 0.228867 0.217187 0.195141 0.222375 0.226807 
0.259359 0.275207 0.227862 0.206577 0.198329 0.215598 0.268776 
0.223214 0.268041 0.203381 0.191942 0.190782 0.208336 0.271588 
0.246641 0.271037 0.20247 0.206262 0.193506 0.220193 0.270853 
0.261011 0.264335 0.22976 0.202246 0.191524 0.269541 0.2566 
0.228764 0.237059 0.220315 0.208743 0.220988 0.250176 0.285422 
0.218232 0.204134 0.190716 0.204756 0.216923 0.211543 0.23437 
0.216975 0.207751 0.201338 0.189686 0.195115 0.208048 0.260856 
0.197741 0.228855 0.24123 0.195394 0.200106 0.190668 0.259882 
0.190521 0.223448 0.242428 0.218872 0.185831 0.205727 0.23999 
0.207686 0.216414 0.199931 0.243866 0.18874 0.219459 0.226471 
0.212391 0.199266 0.206401 0.237905 0.218357 0.229471 0.219475 
0.195654 0.179563 0.189243 0.223736 0.229152 0.228768 0.205127 
0.19144 0.175406 0.171684 0.20012 0.217456 0.219087 0.203744 
0.189644 0.181306 0.184927 0.208986 0.220953 0.199908 0.203165 
0.203264 0.170766 0.206206 0.202132 0.190671 0.19697 0.188694 
0.200717 0.172396 0.218482 0.214832 0.197348 0.210202 0.204122 
0.191011 0.194738 0.204773 0.227452 0.179253 0.221866 0.1764 
0.188408 0.207493 0.199457 0.228774 0.190448 0.222211 0.182387 
0.205298 0.23313 0.208714 0.216881 0.164506 0.224235 0.204266 
0.190363 0.222195 0.215142 0.209949 0.1738 0.2413 0.192775 
0.199952 0.203451 0.198459 0.217898 0.20478 0.209387 0.190127 
0.224767 0.228255 0.206502 0.236177 0.217787 0.197603 0.18907 
0.198691 0.252663 0.222397 0.230451 0.21361 0.21244 0.179018 
0.226333 0.258641 0.192298 0.251798 0.2416 0.21358 0.203276 
0.275211 0.257624 0.230242 0.252601 0.211454 0.181679 0.248522 
0.284532 0.263543 0.25664 0.243373 0.215386 0.21226 0.267454 
0.323063 0.284176 0.274691 0.223362 0.242555 0.247823 0.298551 
0.371431 0.255805 0.272222 0.220806 0.269018 0.25999 0.32196 
0.351968 0.256297 0.268717 0.265857 0.28763 0.265684 0.338612 
0.304959 0.27933 0.273367 0.269597 0.269371 0.246894 0.324795 
0.329382 0.261454 0.265231 0.276099 0.291461 0.252871 0.30383 
0.298244 0.209249 0.283536 0.318618 0.292505 0.226423 0.334686 
0.253101 0.19305 0.262674 0.291673 0.236398 0.197913 0.291242 
0.260289 0.180652 0.283182 0.319751 0.24503 0.218588 0.303021 
0.251254 0.218336 0.30243 0.297575 0.237173 0.207923 0.296332 
0.256515 0.230467 0.240459 0.289883 0.250088 0.214405 0.271568 
0.249734 0.227454 0.233465 0.286661 0.249947 0.23905 0.270584 
0.24622 0.226568 0.238045 0.231481 0.225396 0.232643 0.276059 
0.280064 0.21485 0.248122 0.248493 0.234157 0.234897 0.258369 
0.259115 0.212886 0.234958 0.249225 0.21342 0.270127 0.246031 
0.219072 0.215579 0.227203 0.268331 0.187253 0.204359 0.215799 
0.222718 0.242943 0.248991 0.257581 0.162847 0.195253 0.222475 
0.208651 0.226917 0.190017 0.211343 0.170707 0.202483 0.197755 
0.186275 0.235461 0.166384 0.184737 0.193273 0.216815 0.191517 
0.196562 0.237814 0.182305 0.174228 0.200421 0.20385 0.1708 
0.148575 0.233026 0.177941 0.155808 0.197711 0.164626 0.134449 
0.154998 0.208219 0.197651 0.160455 0.197436 0.171119 0.138024 
0.152471 0.165742 0.194888 0.187236 0.183966 0.175498 0.135323 
0.153304 0.171659 0.213725 0.205981 0.156404 0.180504 0.144481 
0.164332 0.152558 0.240853 0.21943 0.138464 0.169327 0.158628 
0.18311 0.153523 0.211265 0.197801 0.151038 0.187449 0.18547 
0.16691 0.174591 0.23335 0.188398 0.142237 0.168095 0.19729 
0.165021 0.176732 0.224901 0.19358 0.140605 0.154151 0.179499 
0.163958 0.180413 0.206568 0.207394 0.133139 0.145811 0.146589 
0.185595 0.207194 0.188445 0.202312 0.135503 0.164123 0.157493 
0.179181 0.182111 0.161859 0.182294 0.153763 0.167859 0.171572 
0.187179 0.173939 0.145148 0.171054 0.149281 0.152933 0.182952 
0.168193 0.169016 0.168403 0.154487 0.168447 0.139532 0.160588 
0.166339 0.157974 0.163407 0.177842 0.148531 0.145546 0.176192 
0.180045 0.172317 0.157051 0.186021 0.164777 0.172053 0.163345 
0.167204 0.183302 0.181177 0.154652 0.138664 0.149572 0.18051 
0.14948 0.182024 0.186867 0.146984 0.126869 0.157992 0.134374 
0.155717 0.153096 0.188369 0.145496 0.143509 0.156278 0.129827 
0.151595 0.158977 0.173972 0.151265 0.134638 0.142068 0.136702 
0.137263 0.140758 0.174338 0.14715 0.132337 0.151696 0.126823 
0.125681 0.141319 0.178627 0.149452 0.127721 0.1345 0.12272 
0.130889 0.144324 0.149249 0.152413 0.123924 0.132897 0.123405 
0.128145 0.14334 0.148451 0.132499 0.126049 0.12955 0.128213 
0.104566 0.151986 0.145224 0.117764 0.11204 0.143144 0.145728 
0.119461 0.148772 0.158783 0.1118 0.116531 0.134455 0.161819 
0.107985 0.146123 0.151926 0.125513 0.0911431 0.114735 0.158815 
0.130854 0.153512 0.145415 0.126187 0.0933636 0.10967 0.159976 
0.13015 0.146999 0.154426 0.11608 0.0986067 0.100784 0.157565 
0.129797 0.131428 0.147993 0.13563 0.10818 0.101819 0.136069 
0.13401 0.135651 0.153411 0.160753 0.0989845 0.112701 0.142244 
0.128558 0.120562 0.143877 0.168873 0.100024 0.126017 0.131663 
0.136082 0.11366 0.142887 0.164468 0.108538 0.141795 0.121287 
0.131229 0.124007 0.130099 0.148174 0.126581 0.141811 0.126639 
0.144346 0.140144 0.131131 0.130624 0.130359 0.130722 0.14461 
0.133741 0.132281 0.121983 0.113246 0.128886 0.15313 0.147393 
0.11689 0.124514 0.111902 0.132184 0.11693 0.15283 0.15335 
0.138114 0.124506 0.107952 0.139485 0.118438 0.139204 0.163413 
0.11957 0.125991 0.1035 0.141527 0.105947 0.119655 0.1383 
0.113283 0.117671 0.108738 0.123511 0.0998354 0.12039 0.140724 
0.102894 0.112623 0.100452 0.125023 0.102054 0.115178 0.132055 
0.11211 0.101773 0.0994104 0.121724 0.0963311 0.113194 0.131603 
0.105425 0.104748 0.0958384 0.112668 0.0823255 0.111521 0.123412 
0.109386 0.0941227 0.106148 0.114707 0.0921193 0.113555 0.119076 
0.122342 0.0976279 0.11966 0.123329 0.100756 0.101112 0.114637 
0.114296 0.0842271 0.127198 0.120614 0.111474 0.10457 0.122982 
0.110179 0.0867946 0.134003 0.107663 0.13054 0.110064 0.109539 
0.106644 0.0780755 0.126992 0.119344 0.124424 0.125997 0.119409 
0.116974 0.0735451 0.107137 0.109823 0.124976 0.118726 0.121523 
0.108053 0.0857367 0.103601 0.0977642 0.124121 0.121243 0.116797 
0.116353 0.0896377 0.108139 0.0999898 0.11064 0.108745 0.117432 
0.119786 0.0948813 0.105812 0.106371 0.11149 0.106528 0.111283 
0.134253 0.0963953 0.103041 0.104073 0.0986054 0.104168 0.115651 
0.129711 0.10064 0.125128 0.109021 0.109542 0.116351 0.114759 
0.12995 0.105303 0.124878 0.119539 0.122335 0.0997606 0.115944 
0.107092 0.111196 0.111407 0.115319 0.126257 0.101919 0.12315 
0.112578 0.103658 0.123158 0.123329 0.127719 0.105904 0.120328 
0.106201 0.119123 0.13886 0.126959 0.10675 0.0969273 0.114299 
0.12755 0.126964 0.16422 0.146199 0.110425 0.105075 0.128087 
0.112679 0.144598 0.169476 0.143303 0.100247 0.10226 0.116749 
0.114281 0.148875 0.168752 0.14256 0.10641 0.107331 0.121317 
0.117228 0.169715 0.176082 0.143857 0.105362 0.106925 0.103756 
0.123353 0.179636 0.162044 0.13621 0.104957 0.0996499 0.119856 
0.112522 0.131783 0.122988 0.129998 0.096845 0.101181 0.119321 
0.113542 0.0970625 0.126581 0.128185 0.101856 0.0942116 0.114086 
0.115749 0.101141 0.140108 0.140537 0.0814485 0.0820683 0.112001 
0.119413 0.10872 0.137596 0.12277 0.0875614 0.0766942 0.127476 
0.124165 0.100651 0.132224 0.117924 0.092699 0.078748 0.126824 
0.132537 0.0943216 0.13549 0.127463 0.093567 0.0834877 0.146707 
0.142782 0.106439 0.116163 0.14101 0.107856 0.0934457 0.165205 
0.141008 0.103646 0.120416 0.139764 0.103041 0.110772 0.149812 
0.138102 0.0879133 0.137766 0.131809 0.108314 0.123136 0.140937 
0.135765 0.108001 0.16049 0.145119 0.109417 0.126358 0.150947 
0.117256 0.108175 0.146185 0.123352 0.0966452 0.117668 0.143135 
0.117458 0.108265 0.130125 0.119792 0.0931243 0.127536 0.131266 
0.119915 0.12341 0.109912 0.122124 0.0871764 0.124127 0.131072 
0.101339 0.112843 0.100563 0.115094 0.0839924 0.109763 0.14786 
0.0785152 0.108034 0.0949829 0.0934625 0.0938877 0.119082 0.13592 
0.0795393 0.112282 0.0966734 0.0968873 0.0973841 0.110888 0.127785 
0.0886896 0.102843 0.0929842 0.0931578 0.111882 0.100772 0.101356 
0.0903314 0.103779 0.117252 0.101608 0.114779 0.101721 0.0790248 
0.10136 0.0854662 0.110892 0.0945153 0.112516 0.102936 0.091444 
0.108196 0.0803685 0.10762 0.100584 0.111066 0.104292 0.0854792 
0.102326 0.0820246 0.096225 0.100938 0.104034 0.112638 0.0766682 
0.113208 0.0986328 0.106922 0.103684 0.12327 0.130819 0.0889095 
0.111877 0.109148 0.106603 0.0916853 0.136998 0.132872 0.0974923 
0.113237 0.112994 0.0937098 0.0910994 0.131213 0.13367 0.0994965 
0.103218 0.121753 0.102735 0.100185 0.141476 0.13097 0.100302 
0.108963 0.124409 0.101452 0.0994594 0.121639 0.136409 0.108991 
0.114219 0.113211 0.103935 0.0917051 0.122477 0.119628 0.10602 
0.125857 0.127608 0.0886907 0.0986214 0.135271 0.11999 0.114223 
0.139705 0.135903 0.0894808 0.113141 0.143061 0.127923 0.114198 
0.13392 0.122949 0.0966255 0.112649 0.158794 0.132637 0.135239 
0.129623 0.134574 0.113026 0.121198 0.136579 0.115516 0.13758 
0.126195 0.133168 0.121697 0.117021 0.133173 0.129172 0.151042 
0.135774 0.143802 0.116357 0.134061 0.132436 0.106678 0.13571 
0.131892 0.127211 0.114778 0.125973 0.133234 0.104967 0.145257 
0.119092 0.119528 0.106493 0.116463 0.129418 0.115557 0.136439 
0.116502 0.113617 0.110162 0.116181 0.136642 0.104466 0.141629 
0.124267 0.108653 0.107851 0.116886 0.133269 0.116576 0.149676 
0.116249 0.101863 0.113838 0.123385 0.13867 0.116547 0.152611 
0.101986 0.113625 0.117648 0.120618 0.133714 0.111203 0.142144 
0.0997134 0.111738 0.127244 0.117294 0.155291 0.121191 0.126366 
0.0977862 0.108921 0.114769 0.111019 0.139715 0.111323 0.12506 
0.0908431 0.111749 0.116045 0.122794 0.126866 0.102352 0.112329 
0.0906052 0.112237 0.100184 0.0960965 0.114796 0.0950408 0.105487 
0.103904 0.0996608 0.0878527 0.0989029 0.108448 0.0908812 0.101027 
0.105187 0.0948941 0.0935207 0.0940704 0.0995942 0.0957467 0.09956 
0.102773 0.0956442 0.10212 0.0859309 0.109309 0.0885889 0.0850278 
0.0968069 0.0941865 0.0879349 0.0934061 0.0989854 0.0917484 0.0751204 
0.102333 0.0913097 0.0993068 0.0931466 0.106377 0.107181 0.0767779 
0.11282 0.100647 0.104038 0.111665 0.10178 0.106896 0.0794494 
0.100187 0.102417 0.115544 0.127651 0.0988705 0.10542 0.093611 
0.108815 0.104568 0.118187 0.0996529 0.100955 0.0978552 0.101696 
0.122819 0.108313 0.110869 0.117292 0.103247 0.105681 0.10075 
0.113062 0.11258 0.112766 0.104865 0.118875 0.111135 0.129435 
0.108793 0.103726 0.117284 0.102187 0.117491 0.111333 0.115122 
0.124579 0.101361 0.131685 0.1076 0.112114 0.092675 0.115564 
0.132598 0.118629 0.113896 0.102726 0.12001 0.0968964 0.14073 
0.141596 0.129621 0.11623 0.100251 0.133368 0.113148 0.139435 
0.13871 0.126014 0.109193 0.111776 0.134357 0.128466 0.133878 
0.131711 0.116222 0.119078 0.108442 0.124772 0.129601 0.132615 
0.117967 0.136395 0.122069 0.108609 0.122455 0.123058 0.133545 
0.122441 0.130723 0.128484 0.117857 0.134373 0.117205 0.122443 
0.117188 0.119684 0.146266 0.115494 0.140726 0.108074 0.120431 
0.129758 0.0969898 0.104654 0.102438 0.155236 0.126201 0.140336 
0.135476 0.0981954 0.115876 0.109837 0.177775 0.143276 0.139184 
0.135868 0.113471 0.118869 0.133461 0.153767 0.136942 0.131077 
0.129519 0.104953 0.118376 0.12418 0.150762 0.146392 0.113895 
0.138904 0.108107 0.123298 0.138241 0.157453 0.151177 0.112507 
0.129312 0.116716 0.108475 0.12738 0.148221 0.140417 0.104287 
0.127625 0.103902 0.0984412 0.102817 0.165832 0.145739 0.114082 
0.123233 0.102504 0.104109 0.0886137 0.147062 0.153112 0.124191 
0.117854 0.103624 0.0908954 0.0876638 0.159559 0.135545 0.122892 
0.106036 0.104514 0.0927107 0.0844698 0.159008 0.145146 0.111422 
0.107721 0.111889 0.0890479 0.0919334 0.162275 0.130478 0.108887 
0.0891609 0.106038 0.086445 0.0910016 0.145786 0.127329 0.0998333 
0.0926952 0.101826 0.0896879 0.095292 0.140997 0.126354 0.0946879 
0.0874618 0.112631 0.0879221 0.0950802 0.142443 0.13253 0.08449 
0.0920854 0.10218 0.0800278 0.094145 0.162096 0.137532 0.087509 
0.0989019 0.104133 0.0771517 0.0869355 0.146121 0.1352 0.0926153 
0.105473 0.108581 0.0790175 0.0768421 0.141099 0.123372 0.0996352 
0.108446 0.0913605 0.0865191 0.0699828 0.142346 0.128123 0.104681 
0.104995 0.0827423 0.0965602 0.0680517 0.131494 0.119515 0.11371 
0.122024 0.0968226 0.0886073 0.0862641 0.127271 0.106884 0.117893 
0.130166 0.0937183 0.0968967 0.0892738 0.117768 0.109212 0.118438 
0.13123 0.107624 0.0974646 0.0796743 0.117631 0.118817 0.137352 
0.146502 0.111168 0.0915929 0.0982889 0.128437 0.124864 0.147736 
0.145648 0.11145 0.0839439 0.104848 0.0987524 0.135873 0.12855 
0.135461 0.121993 0.0806934 0.0963539 0.113834 0.139958 0.134001 
0.110683 0.113029 0.0919168 0.0860816 0.11313 0.120846 0.116909 
0.134244 0.11914 0.0946445 0.0768089 0.134734 0.12499 0.117956 
0.150269 0.122409 0.104713 0.085342 0.118204 0.119072 0.119033 
0.130036 0.120275 0.105592 0.0971337 0.117886 0.114693 0.121009 
0.134358 0.124519 0.103264 0.108736 0.10457 0.120943 0.114193 
0.125208 0.129456 0.106884 0.128512 0.0996008 0.108487 0.125126 
0.144288 0.13332 0.125516 0.143236 0.11103 0.116148 0.133161 
0.124838 0.114987 0.12506 0.147193 0.109932 0.106766 0.13104 
0.119271 0.108218 0.132437 0.118139 0.100911 0.0939791 0.145296 
0.135167 0.107163 0.144938 0.13284 0.0966662 0.101907 0.160347 
0.148879 0.115374 0.154082 0.146443 0.0855371 0.113725 0.168607 
0.140953 0.127069 0.151762 0.143099 0.0933988 0.128194 0.162755 
0.134246 0.11611 0.15536 0.152367 0.102248 0.122042 0.15003 
0.145917 0.107583 0.117825 0.134373 0.094564 0.121023 0.142692 
0.150218 0.129059 0.124987 0.140361 0.114304 0.145043 0.144956 
0.153247 0.134987 0.129411 0.134072 0.125328 0.1614 0.139668 
0.148271 0.123973 0.131249 0.133295 0.119999 0.154311 0.133394 
0.149053 0.124118 0.122944 0.147348 0.135981 0.158487 0.129629 
0.130618 0.138089 0.13393 0.147654 0.13143 0.165472 0.140694 
0.119032 0.133689 0.117881 0.136711 0.145868 0.162467 0.142856 
0.117447 0.142974 0.114014 0.116907 0.147024 0.142395 0.142107 
0.113308 0.118452 0.10971 0.106715 0.133159 0.139941 0.139855 
0.118312 0.115495 0.113111 0.103016 0.128396 0.136064 0.136339 
0.128947 0.125157 0.122119 0.103408 0.135822 0.147652 0.119462 
0.146409 0.13769 0.129978 0.102591 0.115995 0.145267 0.136859 
0.153438 0.127025 0.143572 0.113792 0.11386 0.146458 0.144204 
0.152339 0.128051 0.146969 0.104656 0.109011 0.134114 0.157696 
0.15934 0.157303 0.145931 0.0974164 0.114555 0.146523 0.142685 
0.150023 0.165838 0.152208 0.111607 0.116554 0.14381 0.146031 
0.119084 0.162877 0.131532 0.105134 0.115398 0.123732 0.147406 
0.121899 0.141982 0.123936 0.103969 0.117105 0.114465 0.127773 
0.116953 0.148575 0.131398 0.1096 0.119145 0.120233 0.118894 
0.115172 0.13097 0.128759 0.124746 0.123017 0.123629 0.125639 
0.116608 0.137662 0.139682 0.131216 0.142728 0.130953 0.12136 
0.130687 0.111635 0.126632 0.120894 0.13256 0.131334 0.131601 
0.113247 0.104523 0.0872378 0.112114 0.137114 0.129035 0.136029 
0.113665 0.108316 0.1011 0.144103 0.131355 0.135748 0.136048 
0.11335 0.117406 0.0921737 0.121744 0.138777 0.141093 0.137245 
0.103944 0.115997 0.0920738 0.126979 0.141353 0.125254 0.111691 
0.111107 0.0932753 0.0880229 0.122238 0.125551 0.132663 0.103958 
0.113248 0.0848804 0.0905946 0.11343 0.139701 0.131081 0.100118 
0.125353 0.0862272 0.0966283 0.115383 0.14752 0.118239 0.117983 
0.127104 0.0911677 0.0977612 0.109181 0.161979 0.126845 0.110685 
0.133359 0.0874076 0.106905 0.127017 0.140067 0.128089 0.116814 
0.137975 0.0865355 0.0964249 0.132189 0.134646 0.131566 0.129202 
0.131677 0.0889397 0.09781 0.139128 0.125929 0.135181 0.121168 
0.125193 0.0825499 0.0960382 0.125671 0.135903 0.126195 0.108649 
0.109762 0.0830985 0.099101 0.139529 0.134119 0.123637 0.0984492 
0.11682 0.0842674 0.102083 0.13299 0.141631 0.122034 0.0889913 
0.129881 0.0901813 0.105424 0.131493 0.144325 0.134163 0.0985175 
0.122905 0.0957296 0.0968904 0.124471 0.121645 0.136918 0.101976 
0.113839 0.0900326 0.112157 0.11937 0.128167 0.124206 0.107312 
0.117207 0.0834669 0.0866365 0.103164 0.1294 0.12877 0.0941083 
0.1122 0.0980041 0.0883693 0.111705 0.133292 0.13578 0.0923767 
0.120789 0.113185 0.0893538 0.111032 0.119094 0.136021 0.0976357 
0.126258 0.121034 0.103451 0.109207 0.11148 0.125606 0.106408 
0.133001 0.120507 0.114747 0.112255 0.116941 0.126347 0.0963263 
0.131753 0.11859 0.114597 0.0990609 0.113764 0.131678 0.117525 
0.132272 0.115152 0.107752 0.111459 0.121306 0.130896 0.113689 
0.110534 0.110259 0.112758 0.113515 0.128657 0.13407 0.0942126 
0.121316 0.106632 0.10311 0.106113 0.137451 0.140973 0.0955464 
0.118093 0.101721 0.108403 0.105847 0.125935 0.13037 0.0846392 
0.128395 0.108204 0.100556 0.111723 0.142154 0.132187 0.104983 
0.136783 0.13633 0.111977 0.11561 0.133018 0.131678 0.094415 
0.143688 0.132793 0.125877 0.125738 0.151843 0.154694 0.101661 
0.143462 0.145792 0.138866 0.121845 0.155715 0.163039 0.110984 
0.116084 0.140184 0.133873 0.106366 0.142877 0.138967 0.113001 
0.129669 0.137912 0.133125 0.0866084 0.135525 0.142438 0.113291 
0.145281 0.137494 0.129921 0.0938962 0.133786 0.146487 0.113395 
0.13487 0.12401 0.143327 0.106024 0.137823 0.14775 0.11135 
0.134913 0.136742 0.143413 0.11363 0.152185 0.153393 0.130708 
0.139006 0.135116 0.138047 0.103766 0.160734 0.152148 0.127287 
0.140415 0.142892 0.1443 0.113536 0.15805 0.159566 0.136361 
0.124454 0.147342 0.128575 0.110664 0.137019 0.142844 0.133961 
0.117919 0.145598 0.1348 0.104922 0.157347 0.135439 0.125515 
0.116363 0.140734 0.13387 0.112373 0.139338 0.130864 0.140292 
0.134933 0.138879 0.13965 0.11739 0.157087 0.147316 0.144783 
0.14822 0.140247 0.132047 0.126314 0.175397 0.15811 0.140746 
0.159156 0.159675 0.139837 0.135631 0.184538 0.150968 0.145555 
0.142015 0.170214 0.168001 0.129332 0.202384 0.155329 0.135478 
0.140807 0.175235 0.157332 0.118302 0.239675 0.143057 0.12704 
0.130071 0.164165 0.150163 0.119822 0.199445 0.154962 0.143184 
0.15226 0.143675 0.160738 0.131912 0.197422 0.155399 0.154818 
0.152624 0.139933 0.154543 0.124317 0.205123 0.155875 0.16476 
0.176339 0.161419 0.142406 0.118703 0.214833 0.173867 0.177137 
0.164884 0.154335 0.158093 0.141005 0.188441 0.171323 0.166605 
0.155645 0.131828 0.156232 0.158137 0.179814 0.170368 0.138535 
0.167231 0.153836 0.189664 0.160997 0.173002 0.162953 0.14312 
0.172876 0.133886 0.17965 0.162089 0.16927 0.155478 0.151103 
0.171955 0.123328 0.163889 0.137539 0.186568 0.146592 0.129207 
0.177421 0.125806 0.149226 0.140444 0.204768 0.162939 0.139529 
0.159907 0.13796 0.175098 0.15007 0.18885 0.164885 0.16033 
0.153371 0.133518 0.154089 0.143715 0.182827 0.164207 0.146136 
0.156873 0.141223 0.157337 0.127446 0.185769 0.162458 0.150718 
0.162244 0.158778 0.163707 0.127193 0.188323 0.198278 0.136309 
0.157753 0.15378 0.145647 0.112233 0.180011 0.167512 0.135218 
0.146844 0.157003 0.145775 0.105041 0.170868 0.169431 0.147178 
0.157268 0.157117 0.143834 0.117738 0.161933 0.176454 0.150156 
0.169515 0.144044 0.137649 0.140259 0.173041 0.150708 0.156201 
0.170715 0.142483 0.140741 0.133074 0.164393 0.140472 0.182845 
0.149356 0.147287 0.12901 0.137909 0.182491 0.152948 0.168131 
0.151646 0.144129 0.156942 0.147417 0.162479 0.134856 0.155554 
0.155787 0.153346 0.171821 0.144428 0.152892 0.148992 0.131745 
0.175211 0.176339 0.173559 0.16356 0.171636 0.167987 0.147141 
0.171664 0.189677 0.158794 0.180423 0.172518 0.174755 0.164302 
0.135103 0.169464 0.125841 0.177899 0.164334 0.166695 0.154821 
0.144287 0.171145 0.136993 0.159849 0.153718 0.166135 0.147676 
0.15034 0.198999 0.148169 0.167219 0.144352 0.144345 0.138693 
0.1513 0.187485 0.158918 0.139562 0.150657 0.159723 0.131737 
0.138459 0.177988 0.142709 0.110343 0.155177 0.167599 0.14133 
0.137881 0.172356 0.142109 0.105212 0.138896 0.159855 0.142569 
0.111086 0.142798 0.14311 0.118818 0.135862 0.157711 0.128272 
0.0979592 0.149014 0.15405 0.105473 0.11972 0.115547 0.126006 
0.111386 0.143515 0.128607 0.115146 0.12325 0.117151 0.120096 
0.101551 0.122132 0.119149 0.128295 0.147597 0.119078 0.121197 
0.0993565 0.112447 0.12242 0.121157 0.124063 0.109836 0.108847 
0.0984106 0.10858 0.109577 0.115622 0.104779 0.114515 0.0925541 
0.123257 0.108816 0.117524 0.125661 0.108408 0.11998 0.103574 
0.123904 0.0939615 0.123631 0.141091 0.107028 0.109438 0.0973502 
0.114683 0.0950058 0.137167 0.133192 0.102912 0.104765 0.0882748 
0.101383 0.094447 0.118319 0.13716 0.103413 0.0954293 0.0919824 
0.106976 0.100066 0.129009 0.140325 0.101355 0.0909762 0.0965042 
0.0941391 0.107714 0.11315 0.122684 0.0987205 0.0818021 0.0998425 
0.0980451 0.122189 0.114185 0.124524 0.0813483 0.0735223 0.104063 
0.0783422 0.106688 0.0909199 0.135948 0.0746013 0.075481 0.0903005 
0.0776746 0.111745 0.093647 0.109545 0.0782615 0.0753049 0.0918487 
0.0835423 0.0998702 0.0912076 0.11246 0.0750919 0.0750168 0.0960842 
0.0929756 0.0942443 0.0899451 0.107415 0.0794241 0.0743006 0.0974731 
0.0950178 0.0840512 0.0844502 0.0996187 0.0743166 0.0768943 0.0968752 
0.107633 0.0893267 0.0782046 0.0961772 0.0910944 0.0750204 0.113219 
0.0911994 0.0944605 0.0860193 0.0972486 0.0891112 0.0747116 0.114827 
0.0981905 0.0985883 0.0885342 0.0989011 0.0876099 0.0785162 0.113283 
0.105915 0.116351 0.0798966 0.0879682 0.0897726 0.0806573 0.110944 
0.103514 0.117863 0.0834017 0.0858507 0.0888147 0.0716659 0.123099 
0.112679 0.118172 0.0849068 0.0873866 0.0860839 0.0731786 0.130697 
0.113236 0.108868 0.0792058 0.090871 0.0899035 0.073125 0.150084 
0.111668 0.117417 0.0886917 0.093552 0.0923946 0.0763348 0.149718 
0.104131 0.119473 0.0922212 0.0852448 0.0911943 0.0812105 0.139055 
0.0984463 0.121782 0.103508 0.0780091 0.0796609 0.0724693 0.117804 
0.100944 0.106184 0.114096 0.0820502 0.0770603 0.0741517 0.105926 
0.097346 0.09657 0.0848483 0.0826326 0.0748072 0.0805998 0.0933194 
0.0976959 0.0906295 0.0955875 0.0769821 0.0745223 0.0809112 0.0908758 
0.10356 0.100045 0.10248 0.0887345 0.0740189 0.0832722 0.0823736 
0.10311 0.112598 0.112351 0.0986613 0.0755643 0.0895126 0.0736328 
0.101331 0.107432 0.107905 0.0976764 0.0817404 0.094323 0.0857993 
0.0966548 0.0952519 0.0921799 0.0935946 0.0851752 0.105687 0.0893743 
0.0992157 0.105843 0.0910372 0.0959446 0.0945117 0.096556 0.0872286 
0.0971949 0.0998583 0.0947084 0.0948686 0.0845797 0.0922211 0.0812647 
0.0941115 0.102726 0.101823 0.0995273 0.0757881 0.0972478 0.0766256 
0.0927848 0.100926 0.113743 0.114073 0.0852633 0.0810303 0.0805066 
0.0901431 0.10729 0.12102 0.126903 0.0785729 0.0835835 0.0846008 
0.085859 0.111045 0.108192 0.115525 0.0859439 0.0832508 0.0955863 
0.0943596 0.107962 0.124613 0.119662 0.0893829 0.0953633 0.0906201 
0.099877 0.112953 0.130023 0.110714 0.0976893 0.0994903 0.0893213 
0.0984569 0.118609 0.103675 0.105884 0.0877419 0.116599 0.0872707 
0.0962089 0.130325 0.120376 0.111221 0.0939919 0.101568 0.0917044 
0.0996656 0.124436 0.117272 0.101054 0.0808135 0.100745 0.0967605 
0.109686 0.136783 0.118707 0.0982845 0.079825 0.0949763 0.0966932 
0.0868711 0.133422 0.109656 0.0975726 0.0760698 0.0927809 0.0943812 
0.0951421 0.144446 0.11241 0.10588 0.0751523 0.0800774 0.106056 
0.106262 0.122193 0.106981 0.105136 0.0829355 0.0854385 0.0968077 
0.107254 0.126271 0.101193 0.0958767 0.0847856 0.0878573 0.101967 
0.110006 0.117388 0.121113 0.100129 0.0918245 0.0873929 0.104531 
0.0980956 0.115999 0.112753 0.0845332 0.078068 0.0990157 0.101424 
0.108587 0.114853 0.0993695 0.0941095 0.0791062 0.0959865 0.102486 
0.101679 0.0989177 0.103056 0.0999867 0.0774357 0.08468 0.11304 
0.0947108 0.105695 0.101382 0.0992085 0.0850252 0.0857093 0.122494 
0.0929211 0.106371 0.117062 0.0970104 0.0843503 0.0860401 0.101557 
0.0800209 0.103039 0.115325 0.106065 0.0749734 0.0718675 0.100437 
0.101393 0.1004 0.118124 0.10492 0.0805036 0.0675991 0.101159 
0.102402 0.10552 0.118264 0.105809 0.0845241 0.0783046 0.112334 
0.117617 0.116061 0.106301 0.101752 0.0935603 0.0812032 0.108978 
0.115015 0.119741 0.117226 0.121926 0.0847548 0.0869192 0.117204 
0.10482 0.101001 0.108454 0.126129 0.0922806 0.0948919 0.116582 
0.0944179 0.101305 0.111287 0.132305 0.10415 0.0854368 0.102257 
0.0784731 0.105252 0.102387 0.114849 0.113395 0.0891252 0.0933036 
0.0873475 0.103009 0.100534 0.127878 0.112744 0.0973022 0.0888834 
0.08458 0.111369 0.102811 0.114212 0.104934 0.088879 0.0996224 
0.0855997 0.107869 0.113029 0.107028 0.099061 0.0868897 0.0923164 
0.0973542 0.113725 0.122933 0.101033 0.108503 0.0927858 0.109643 
0.0956621 0.120633 0.10551 0.0948468 0.111171 0.0874782 0.112268 
0.104207 0.133317 0.102851 0.100518 0.121398 0.094891 0.117337 
0.114911 0.137717 0.103591 0.0869395 0.122024 0.0952854 0.11252 
0.111775 0.140862 0.0937732 0.0867702 0.141047 0.102732 0.116622 
0.126416 0.142636 0.0844743 0.0863922 0.132233 0.123825 0.120724 
0.123403 0.130701 0.098925 0.0865659 0.140182 0.135735 0.125048 
0.118921 0.137687 0.111438 0.094674 0.137299 0.13631 0.117878 
0.118878 0.138339 0.108063 0.0953397 0.144006 0.115057 0.101233 
0.115505 0.144992 0.117092 0.0980155 0.133791 0.113659 0.101476 
0.120876 0.118418 0.108671 0.0953789 0.128383 0.120822 0.114412 
0.123605 0.112477 0.112364 0.104926 0.129041 0.12924 0.11959 
0.116163 0.108249 0.109231 0.1113 0.117771 0.140031 0.114673 
0.123899 0.0953001 0.105633 0.111299 0.115981 0.125112 0.121302 
0.131251 0.105201 0.107258 0.115543 0.110851 0.130154 0.118938 
0.107017 0.0936029 0.113757 0.0981103 0.119505 0.147303 0.107202 
0.10074 0.0891609 0.112839 0.117275 0.112638 0.146033 0.101471 
0.0940356 0.0915414 0.11182 0.136285 0.125335 0.153214 0.0937958 
0.0829838 0.0780223 0.111934 0.120799 0.125369 0.143583 0.0928701 
0.0932104 0.0851829 0.114899 0.137997 0.134599 0.11716 0.0979319 
0.0998206 0.0814348 0.124286 0.143796 0.113217 0.110699 0.101796 
0.0899448 0.0809809 0.119068 0.132366 0.109875 0.0981532 0.0959163 
0.0901719 0.0961441 0.102778 0.124034 0.103428 0.0976698 0.095984 
0.089696 0.1075 0.10775 0.118377 0.0999878 0.0957828 0.0972895 
0.102529 0.0853109 0.104805 0.116283 0.0990768 0.100296 0.103943 
0.0948162 0.0895652 0.0980973 0.120951 0.0953308 0.098094 0.0978646 
0.0918445 0.0879274 0.092643 0.119554 0.102778 0.101492 0.0909889 
0.0967203 0.0824775 0.0885748 0.12701 0.103376 0.112489 0.0943433 
0.106668 0.085193 0.109615 0.110091 0.103772 0.107987 0.0998368 
0.0802542 0.0780622 0.11449 0.11329 0.109897 0.107026 0.0890085 
0.0802408 0.0901897 0.109367 0.0978299 0.10749 0.11189 0.0921286 
0.0922483 0.0895831 0.103154 0.103532 0.115719 0.118266 0.0851533 
0.103213 0.0899365 0.104835 0.117279 0.10275 0.103883 0.0981051 
0.0937919 0.0788554 0.0964383 0.115574 0.109216 0.0982377 0.0988971 
0.0855512 0.0789863 0.0929007 0.087213 0.103921 0.0965942 0.0992027 
0.0909503 0.0802239 0.0956855 0.0889251 0.0903799 0.0929306 0.103045 
0.0892118 0.0946023 0.0859621 0.0878098 0.0874582 0.0928589 0.0861469 
0.092854 0.112226 0.0972745 0.093804 0.0985349 0.0823859 0.0866868 
0.0860067 0.10576 0.10771 0.0929222 0.0944042 0.0948512 0.0885621 
0.0813969 0.0982394 0.111352 0.100958 0.0945479 0.0823497 0.0898903 
0.0979399 0.0756464 0.0963895 0.118405 0.0899545 0.0716897 0.0908216 
0.0991797 0.0826195 0.0983415 0.114478 0.0863617 0.0727861 0.0961317 
0.10185 0.0795153 0.10365 0.122847 0.0740249 0.0736513 0.0883492 
0.0980115 0.0842771 0.107644 0.124554 0.0745879 0.0747992 0.10506 
0.106426 0.0918474 0.107525 0.121583 0.0740293 0.078222 0.127598 
0.103474 0.0908233 0.11468 0.119025 0.0696431 0.0821319 0.132931 
0.0974067 0.0951503 0.103319 0.106995 0.0735616 0.102006 0.12247 
0.100637 0.102936 0.11813 0.118644 0.0730817 0.0980535 0.107093 
0.0952065 0.108869 0.122043 0.134466 0.0900033 0.103375 0.102777 
0.0959504 0.112067 0.122604 0.134504 0.0930714 0.108302 0.0995478 
0.100328 0.12033 0.141002 0.134564 0.102719 0.111302 0.0965199 
0.103097 0.129669 0.125101 0.14076 0.101523 0.109177 0.080414 
0.105993 0.131779 0.136859 0.138854 0.109255 0.0974981 0.0978357 
0.106862 0.123858 0.114376 0.127438 0.104331 0.0935721 0.101068 
0.107356 0.126876 0.0992566 0.105675 0.102375 0.0844993 0.0981644 
0.0898686 0.128769 0.100743 0.114578 0.0925684 0.0931436 0.0905935 
0.101172 0.134308 0.105 0.130067 0.0873407 0.0983363 0.0954402 
0.0964525 0.123348 0.111967 0.130404 0.0885113 0.100577 0.0979588 
0.097097 0.124291 0.0998698 0.130355 0.0973504 0.102823 0.0991994 
0.0965656 0.125091 0.103584 0.139744 0.112879 0.105718 0.115495 
0.115533 0.125106 0.101383 0.126559 0.114935 0.116426 0.12793 
0.112724 0.124784 0.097646 0.132226 0.109189 0.107409 0.113712 
0.122724 0.0967559 0.0851627 0.109669 0.100542 0.111262 0.121456 
0.113925 0.0895106 0.0789862 0.0945282 0.0947694 0.130424 0.123724 
0.104426 0.0743678 0.0807433 0.100601 0.102893 0.131642 0.123429 
0.123582 0.067448 0.0936841 0.100629 0.113724 0.126159 0.123453 
0.123965 0.0841262 0.095586 0.0937871 0.123283 0.120077 0.11665 
0.107017 0.0926789 0.102656 0.109496 0.138815 0.115159 0.104354 
0.118388 0.106192 0.116103 0.107299 0.13635 0.0996901 0.0995975 
0.111585 0.106929 0.116641 0.12066 0.114117 0.122762 0.104303 
0.113118 0.113576 0.102609 0.11766 0.110568 0.117814 0.0999181 
0.118443 0.105226 0.119381 0.129104 0.104956 0.103416 0.102512 
0.113975 0.100499 0.118678 0.111049 0.0954316 0.0969759 0.109814 
0.113048 0.127153 0.11685 0.107962 0.107385 0.100679 0.10719 
0.112685 0.111847 0.102326 0.119449 0.118697 0.108525 0.116605 
0.101844 0.120988 0.113234 0.117928 0.130935 0.116935 0.129423 
0.110098 0.13097 0.120526 0.120172 0.142049 0.126253 0.112323 
0.113649 0.122628 0.12223 0.132756 0.140292 0.117846 0.110403 
0.122815 0.121242 0.120631 0.158107 0.131143 0.110758 0.109303 
0.125841 0.129551 0.125818 0.166129 0.109502 0.116318 0.112542 
0.135321 0.122465 0.128507 0.155152 0.0942212 0.120664 0.11963 
0.146218 0.139636 0.126828 0.172227 0.0954345 0.105223 0.131225 
0.135207 0.144253 0.129679 0.156397 0.0976665 0.110643 0.133876 
0.139753 0.144096 0.129542 0.168317 0.0974937 0.12213 0.115171 
0.141838 0.156993 0.150289 0.169857 0.0964767 0.125061 0.125815 
0.132745 0.134701 0.136209 0.151423 0.0923904 0.12606 0.114203 
0.102141 0.127304 0.133298 0.159479 0.101568 0.133209 0.0948157 
0.102637 0.125991 0.14112 0.146592 0.117282 0.131198 0.092868 
0.102604 0.123987 0.117435 0.133008 0.116111 0.132961 0.0971137 
0.116705 0.133508 0.124831 0.13753 0.137364 0.116485 0.0986274 
0.121099 0.146972 0.13337 0.136019 0.122928 0.116309 0.0883186 
0.107859 0.122811 0.12318 0.127605 0.119384 0.102967 0.0880773 
0.0963898 0.107752 0.116834 0.128808 0.103649 0.0879568 0.0757099 
0.10533 0.105332 0.108206 0.117148 0.105418 0.0989436 0.0816307 
0.0915713 0.0943837 0.113933 0.127273 0.104104 0.0880841 0.0838211 
0.0936008 0.0918607 0.115433 0.119729 0.111813 0.0886307 0.0937289 
0.109539 0.08347 0.126031 0.140687 0.104537 0.0828016 0.100166 
0.105257 0.0924547 0.11024 0.131678 0.109104 0.0866509 0.103693 
0.113693 0.0929677 0.101569 0.115859 0.110257 0.0915126 0.107689 
0.104487 0.0793239 0.0976168 0.121183 0.099743 0.0926671 0.113473 
0.0971563 0.0870002 0.0941508 0.111881 0.105123 0.0839147 0.0967423 
0.0923929 0.0794927 0.0777665 0.0979383 0.11679 0.0750752 0.110318 
0.101869 0.0745189 0.0659593 0.0939825 0.116877 0.0881548 0.105304 
0.0919426 0.0630534 0.0546847 0.0901854 0.0787118 0.074353 0.110179 
0.0834088 0.0642273 0.0603816 0.0869901 0.0857783 0.0737367 0.117158 
0.085474 0.0672559 0.0602343 0.0915969 0.0824162 0.0730906 0.115133 
0.0836213 0.0667372 0.0722922 0.0797033 0.0878223 0.0804927 0.0993224 
0.084136 0.0759769 0.0741088 0.0851606 0.0865121 0.0806619 0.100665 
0.082424 0.0764893 0.0809007 0.0929341 0.0775501 0.0811301 0.0918529 
0.0922308 0.0891078 0.0830875 0.0933404 0.0926266 0.0866504 0.0911423 
0.108677 0.0923101 0.0927459 0.092391 0.0869675 0.0916108 0.101124 
0.10726 0.108508 0.0950031 0.0883673 0.0829395 0.0853165 0.0960901 
0.102816 0.110029 0.0883894 0.096372 0.0722849 0.09103 0.0987906 
0.102844 0.114797 0.0989599 0.0910343 0.0773139 0.0979457 0.0908004 
0.097503 0.108854 0.0957401 0.0992946 0.0783713 0.102104 0.102849 
0.101075 0.113898 0.104571 0.10603 0.0792979 0.0930143 0.0888266 
0.103289 0.104354 0.0981292 0.115409 0.09041 0.0993755 0.0881231 
0.104486 0.0991114 0.106176 0.120784 0.0997415 0.100423 0.0901091 
0.101917 0.0943632 0.110316 0.116628 0.0989855 0.0941909 0.0904845 
0.0938579 0.10132 0.11671 0.111208 0.10666 0.0957483 0.096212 
0.0974026 0.0955798 0.115304 0.109191 0.109888 0.105572 0.0863699 
0.108495 0.093145 0.103351 0.10532 0.108099 0.113063 0.0911161 
0.101801 0.0891833 0.105165 0.114147 0.104861 0.100834 0.102438 
0.101524 0.0801438 0.119191 0.112072 0.0945431 0.0838973 0.100748 
0.110043 0.0934251 0.108334 0.116208 0.103969 0.0963548 0.104914 
0.114103 0.0960747 0.105001 0.134887 0.0990432 0.0983194 0.095264 
0.11787 0.101847 0.0978335 0.139576 0.109141 0.106791 0.106785 
0.112424 0.110542 0.0981767 0.111507 0.0991651 0.107438 0.101748 
0.10205 0.102412 0.10474 0.0935149 0.115617 0.114349 0.0929928 
0.108318 0.100632 0.11273 0.0963269 0.11872 0.120619 0.0873584 
0.104069 0.101669 0.106871 0.0982306 0.113618 0.109968 0.0842863 
0.100955 0.0977941 0.10764 0.0964968 0.109847 0.0923574 0.091355 
0.107073 0.0974907 0.115208 0.114843 0.105121 0.0864074 0.0930325 
0.119353 0.0935184 0.113594 0.116306 0.107127 0.092617 0.107452 
0.102689 0.0918999 0.116057 0.109624 0.107124 0.092768 0.0947228 
0.105488 0.0979727 0.0935723 0.09945 0.105727 0.092853 0.106174 
0.106635 0.108791 0.106304 0.11218 0.109083 0.0860354 0.120483 
0.100033 0.104693 0.112467 0.113376 0.0945903 0.0903205 0.111727 
0.100702 0.117448 0.112378 0.121186 0.103865 0.101605 0.0994254 
0.110931 0.10458 0.127415 0.135082 0.107891 0.110839 0.0975236 
0.105355 0.103977 0.130334 0.138332 0.105638 0.122852 0.105485 
0.108483 0.100734 0.121975 0.123508 0.109126 0.121174 0.101691 
0.120012 0.103343 0.117536 0.137996 0.122363 0.118891 0.0892725 
0.136028 0.114485 0.137513 0.126969 0.124967 0.125562 0.106166 
0.120331 0.113968 0.135254 0.126125 0.118193 0.13556 0.110558 
0.136523 0.128682 0.147519 0.122976 0.131114 0.147604 0.104817 
0.157455 0.153346 0.141348 0.119459 0.14246 0.135665 0.120834 
0.165587 0.14876 0.141106 0.140213 0.149715 0.14701 0.13423 
0.174108 0.155595 0.145366 0.152485 0.147715 0.169804 0.157646 
0.161965 0.158704 0.133871 0.146009 0.154828 0.177518 0.150387 
0.166863 0.17116 0.147307 0.127473 0.153513 0.169903 0.159565 
0.171144 0.166588 0.149326 0.122666 0.180635 0.179293 0.174072 
0.185107 0.159493 0.142603 0.142178 0.194749 0.191775 0.158007 
0.186074 0.133417 0.12628 0.149955 0.216898 0.199978 0.163819 
0.164808 0.133939 0.139966 0.141759 0.239661 0.200251 0.162497 
0.154987 0.136175 0.139407 0.134854 0.235283 0.206377 0.152953 
0.156168 0.143093 0.141394 0.159922 0.209435 0.190039 0.166455 
0.175733 0.149849 0.132335 0.146157 0.19403 0.177366 0.170877 
0.175008 0.171428 0.131257 0.137365 0.182291 0.197602 0.167501 
0.166795 0.171252 0.133333 0.14898 0.183649 0.185627 0.158016 
0.168446 0.175482 0.135088 0.158794 0.180276 0.160221 0.13814 
0.160536 0.178036 0.148095 0.167925 0.158072 0.158485 0.131731 
0.170797 0.174632 0.156769 0.166695 0.160376 0.161365 0.141597 
0.15989 0.154565 0.146631 0.185675 0.141464 0.159246 0.12809 
0.181871 0.173959 0.146816 0.21154 0.138638 0.165543 0.146867 
0.17775 0.185628 0.170367 0.201618 0.151912 0.144472 0.142378 
0.189713 0.187686 0.177311 0.193853 0.179875 0.171769 0.144099 
0.196951 0.195007 0.168672 0.236274 0.188857 0.166951 0.15876 
0.208856 0.197754 0.15842 0.23346 0.180798 0.171181 0.167759 
0.218081 0.178446 0.186419 0.243958 0.197885 0.180096 0.183077 
0.21009 0.197393 0.202509 0.229594 0.209272 0.165976 0.192185 
0.150957 0.212055 0.20637 0.233446 0.174945 0.152777 0.189276 
0.162688 0.189378 0.184098 0.22767 0.164644 0.146561 0.189015 
0.169334 0.184011 0.175908 0.220548 0.154001 0.181858 0.169365 
0.177396 0.17098 0.176323 0.209773 0.168052 0.196152 0.154899 
0.179536 0.183917 0.174738 0.18951 0.174101 0.18808 0.18629 
0.162422 0.196826 0.185049 0.182281 0.176033 0.171751 0.179163 
0.152276 0.226614 0.182222 0.176583 0.18133 0.17116 0.155139 
0.135928 0.183086 0.17486 0.155745 0.165448 0.161831 0.131806 
0.139324 0.18459 0.161722 0.164479 0.151171 0.156124 0.134864 
0.14998 0.18181 0.163936 0.165527 0.148578 0.158765 0.135307 
0.153607 0.201915 0.160688 0.169764 0.152875 0.149257 0.136067 
0.136776 0.189295 0.138155 0.184862 0.154809 0.158315 0.124846 
0.137342 0.172706 0.131134 0.180765 0.142985 0.159838 0.127556 
0.140281 0.183299 0.1365 0.149719 0.158563 0.163563 0.11328 
0.143848 0.147484 0.131814 0.147318 0.160758 0.164146 0.112057 
0.130738 0.14425 0.134025 0.155883 0.16534 0.1519 0.11464 
0.124789 0.161048 0.142726 0.151756 0.164557 0.151466 0.129054 
0.127919 0.171871 0.152339 0.131859 0.153859 0.170782 0.153521 
0.139694 0.167061 0.136985 0.130948 0.155238 0.160277 0.145088 
0.108874 0.138922 0.128619 0.130077 0.131487 0.160041 0.150341 
0.10397 0.139516 0.141857 0.125099 0.121213 0.164038 0.145807 
0.10924 0.130268 0.137823 0.129475 0.124567 0.149524 0.131923 
0.123679 0.12416 0.124915 0.145143 0.13406 0.125522 0.127877 
0.127651 0.131429 0.12727 0.138492 0.125213 0.113437 0.129219 
0.12482 0.128616 0.135824 0.123337 0.108508 0.102074 0.128085 
0.126 0.121639 0.124962 0.138141 0.120006 0.101809 0.151568 
0.128624 0.118739 0.137407 0.152938 0.116939 0.117059 0.149307 
0.137327 0.134915 0.140433 0.145615 0.118994 0.134837 0.140959 
0.140429 0.128975 0.151087 0.14752 0.134803 0.148018 0.15414 
0.134412 0.131003 0.13699 0.134203 0.135325 0.15124 0.152061 
0.139085 0.121538 0.140939 0.13385 0.14357 0.144298 0.140604 
0.134746 0.125144 0.155784 0.124321 0.13196 0.144956 0.130925 
0.129002 0.131226 0.150137 0.127965 0.130016 0.14733 0.120138 
0.147745 0.137358 0.160431 0.134203 0.113131 0.128256 0.131624 
0.125627 0.143377 0.169771 0.135893 0.125217 0.139725 0.119213 
0.127447 0.165144 0.178673 0.138497 0.125866 0.139424 0.119963 
0.122253 0.177032 0.174332 0.13032 0.109066 0.134169 0.106292 
0.120657 0.177649 0.16761 0.123188 0.12016 0.131195 0.112605 
0.123199 0.169061 0.149584 0.130007 0.117502 0.137627 0.129381 
0.129033 0.184074 0.133188 0.121845 0.121634 0.14573 0.136831 
0.122669 0.187337 0.135763 0.128871 0.111037 0.133572 0.156757 
0.125132 0.193666 0.145599 0.135976 0.0893341 0.141472 0.149326 
0.119408 0.215164 0.156505 0.129433 0.09147 0.129174 0.147719 
0.13411 0.219761 0.165605 0.148983 0.104734 0.131509 0.128609 
0.132713 0.234578 0.167047 0.152712 0.11134 0.121986 0.129016 
0.122488 0.233557 0.166261 0.147775 0.0833199 0.106419 0.107768 
0.137888 0.19457 0.169468 0.167077 0.0924267 0.107906 0.118944 
0.140968 0.201644 0.179121 0.151372 0.106109 0.114298 0.108352 
0.139279 0.199812 0.16176 0.156382 0.102689 0.116739 0.107791 
0.125272 0.181758 0.171345 0.164001 0.111104 0.126737 0.108478 
0.118422 0.172246 0.159282 0.149784 0.109992 0.118341 0.113634 
0.130152 0.164266 0.1637 0.16509 0.119856 0.123283 0.108056 
0.145804 0.160106 0.162885 0.158057 0.151944 0.123055 0.116601 
0.170499 0.153084 0.165816 0.172292 0.131529 0.121338 0.135833 
0.159635 0.164135 0.174984 0.166306 0.141018 0.11464 0.13817 
0.151939 0.166148 0.168098 0.177466 0.141733 0.103911 0.148084 
0.1481 0.17541 0.153155 0.15491 0.144538 0.117144 0.145618 
0.153298 0.171462 0.169014 0.162138 0.136707 0.0974489 0.136597 
0.15017 0.172821 0.158077 0.156536 0.152785 0.111915 0.160461 
0.152783 0.173485 0.176679 0.174796 0.137899 0.133337 0.155933 
0.160541 0.172418 0.167564 0.161658 0.134102 0.136958 0.176917 
0.161044 0.158647 0.161462 0.164667 0.140778 0.144502 0.187585 
0.165561 0.153137 0.176423 0.163659 0.170425 0.140036 0.17766 
0.171644 0.164588 0.157696 0.159365 0.179022 0.14742 0.173051 
0.178719 0.156206 0.165877 0.151973 0.141853 0.150576 0.170635 
0.193596 0.150443 0.182333 0.178945 0.142899 0.146128 0.154755 
0.157819 0.149239 0.180141 0.174337 0.148176 0.152808 0.144882 
0.158286 0.159995 0.195397 0.174103 0.118786 0.13671 0.161366 
0.147741 0.190336 0.187783 0.152185 0.133025 0.141082 0.139242 
0.147578 0.199509 0.200247 0.152151 0.130177 0.151689 0.151825 
0.151234 0.155512 0.1805 0.160223 0.132912 0.152383 0.137482 
0.170963 0.166864 0.175071 0.154395 0.116662 0.135302 0.139874 
0.157924 0.170992 0.159414 0.160558 0.124194 0.128566 0.129223 
0.15135 0.173788 0.156554 0.1497 0.124334 0.121367 0.12466 
0.114873 0.180365 0.171619 0.135093 0.139758 0.11615 0.127198 
0.115588 0.168016 0.169897 0.145219 0.139344 0.113187 0.118774 
0.132512 0.166051 0.180011 0.151023 0.135585 0.117427 0.10686 
0.143762 0.176375 0.179017 0.155758 0.126599 0.132106 0.101466 
0.12346 0.178893 0.170146 0.133786 0.134422 0.134554 0.099747 
0.126403 0.189094 0.160423 0.132042 0.133351 0.137855 0.10716 
0.13374 0.170626 0.173842 0.127991 0.14225 0.14143 0.131034 
0.111977 0.180145 0.15579 0.100252 0.13904 0.153732 0.131462 
0.120276 0.172766 0.146323 0.100253 0.136171 0.157791 0.121302 
0.131363 0.164123 0.163361 0.104482 0.149392 0.164236 0.113154 
0.129766 0.163353 0.161465 0.113109 0.157652 0.183716 0.110727 
0.116775 0.172984 0.13498 0.11528 0.145833 0.189101 0.117594 
0.129007 0.175053 0.143663 0.116625 0.153907 0.170027 0.129422 
0.126653 0.162288 0.13967 0.130332 0.162922 0.188256 0.121598 
0.142916 0.160257 0.144013 0.141894 0.167261 0.199966 0.147681 
0.141916 0.166177 0.123184 0.139065 0.152628 0.198348 0.15326 
0.153366 0.151097 0.133474 0.143221 0.142194 0.195591 0.147962 
